000000
000001
00001
000100
0001010
0001011
000110
000111
0010
0011
0100
01010
01011
0110
0111
10000
10001
1001000
10010010
100100110
1001001110
1001001111
100101
10011
1010
1011
110000
110001000000000
110001000000001
11000100000001
1100010000001
110001000001
11000100001
1100010001
1100010010
1100010011
11000101
11000110
110001110
1100011110
11000111110
11000111111
110010
110011
1101
111
                        K: 23
                    47
                        .: 24
                94
                    G: 47
            201
                        P: 25
                    52
                            J: 13
                        27
                            V: 14
                107
                        ,: 27
                    55
                        Y: 28
        425
                S: 112
            224
                I: 112
    901
                N: 113
            231
                    D: 56
                118
                    U: 62
        476
                A: 121
            245
                H: 124
2240
                    L: 64
                130
                    C: 66
            268
                            
: 15
                        30
                                :: 7
                            15
                                    3: 4
                                8
                                        4: 2
                                    4
                                        ?: 2
                    66
                        B: 36
                138
                    R: 72
        570
                T: 150
            302
                O: 152
    1339
                        W: 37
                    80
                                                            Z: 0
                                                        0
                                                            7: 0
                                                    0
                                                        5: 0
                                                0
                                                    2: 0
                                            1
                                                9: 1
                                        2
                                            6: 1
                                    4
                                        8: 2
                                9
                                        !: 2
                                    5
                                        ;: 3
                            20
                                ': 11
                        43
                                0: 11
                            23
                                    1: 6
                                12
                                        X: 3
                                    6
                                            Q: 1
                                        3
                                            ": 2
                171
                        M: 45
                    91
                        F: 46
            371
                E: 200
        769
             : 398
